 -3.00000000e+000 1.14006153e+000
 -2.70000000e+000 3.56948432e-001
 -2.40000000e+000 -3.56863927e-001
 -2.10000000e+000 1.04819478e+000
 -1.80000000e+000 6.16654064e-001
 -1.50000000e+000 -1.40187857e-001
 -1.20000000e+000 -1.11557222e-002
 -9.00000000e-001 4.24277637e-001
 -6.00000000e-001 3.12326617e-001
 -3.00000000e-001 -1.77490208e-001
 0.00000000e+000 -1.61294504e-001
 3.00000000e-001 1.38110007e+000
 6.00000000e-001 6.17104014e-001
 9.00000000e-001 2.14818742e-001
 1.20000000e+000 9.92653303e-002
 1.50000000e+000 4.37579162e-001
 1.80000000e+000 2.30436714e-001
 2.10000000e+000 5.42520616e-001
 2.40000000e+000 -2.58596549e-001
 2.70000000e+000 -8.23746014e-002
 3.00000000e+000 -7.60161816e-001
